<?xml version="1.0"?>
<opencv_storage>
<calibration_Time>"Sal 21 Ağu 2018 18:52:40 CEST"</calibration_Time>
<nrOfFrames>43</nrOfFrames>
<image_Width>640</image_Width>
<image_Height>480</image_Height>
<board_Width>9</board_Width>
<board_Height>6</board_Height>
<square_Size>1.5000000596046448e-01</square_Size>
<FixAspectRatio>1.</FixAspectRatio>
<!-- flags:  +fix_aspectRatio +fix_principal_point +zero_tangent_dist -->
<flagValue>14</flagValue>
<Camera_Matrix type_id="opencv-matrix">
  <rows>3</rows>
  <cols>3</cols>
  <dt>d</dt>
  <data>
    8.7030170819798286e+02 0. 320. 0. 8.7030170819798286e+02 240. 0. 0.
    1.</data></Camera_Matrix>
<Distortion_Coefficients type_id="opencv-matrix">
  <rows>5</rows>
  <cols>1</cols>
  <dt>d</dt>
  <data>
    -4.7851541557875366e-01 1.0494014645561520e+00 0. 0.
    -3.0666278646347642e+00</data></Distortion_Coefficients>
<Avg_Reprojection_Error>2.7127783252391540e+00</Avg_Reprojection_Error>
<Per_View_Reprojection_Errors type_id="opencv-matrix">
  <rows>43</rows>
  <cols>1</cols>
  <dt>f</dt>
  <data>
    3.64275843e-01 3.38791996e-01 2.00483724e-01 2.36709166e+00
    4.81031990e+00 2.88824975e-01 3.46148729e+00 4.02973056e-01
    3.48250270e-01 4.81750250e+00 5.51400089e+00 1.81906924e-01
    1.96880400e-01 2.33528629e-01 2.89343387e-01 3.46643019e+00
    1.94575816e-01 3.41041207e+00 2.31960252e-01 3.46674800e+00
    2.15254053e-01 5.77388668e+00 2.36345738e-01 4.09407330e+00
    2.09998444e-01 3.56426740e+00 5.42322302e+00 2.48362139e-01
    5.15974236e+00 2.03368753e-01 5.23477316e+00 3.08288980e+00
    2.16114357e-01 2.19844624e-01 2.41469339e-01 1.70413569e-01
    3.17463613e+00 2.37382874e-01 4.35404015e+00 3.19791615e-01
    2.08792344e-01 1.75113127e-01 2.00922668e-01</data></Per_View_Reprojection_Errors>
<!-- a set of 6-tuples (rotation vector + translation vector) for each view -->
<Extrinsic_Parameters type_id="opencv-matrix">
  <rows>43</rows>
  <cols>6</cols>
  <dt>d</dt>
  <data>
    -7.3442985045685250e-01 7.2207531555077620e-01
    1.4709194371843133e+00 5.6231119566077792e-01
    -4.6913376649198796e-01 3.0822538636091732e+00
    -9.6998468035331509e-01 6.5515548868576723e-01
    1.3520640407324085e+00 4.9148980270938430e-01
    -3.8937963156841432e-01 3.5296338114138686e+00
    -7.9399918857185880e-01 9.8639260145386931e-01
    2.6368371258395276e+00 -1.0315603278367040e-01
    7.6497202803446462e-01 4.4581858596749564e+00
    -1.3055521370268879e+00 3.6112252318140503e-01
    2.0399280944194595e+00 7.3225859466348103e-02
    -3.5250237058554090e-01 8.2960225451695937e+00
    -5.5601430829199805e-01 9.2415615322499833e-01
    1.8008315743740340e+00 1.8306057999285685e+00
    -1.3069287090726276e+00 6.5436631602011719e+00
    -8.9164811766445817e-01 4.2528683130338130e-01
    7.0704912257161889e-01 5.1922781649866752e-02
    -4.7779248776143723e-01 4.0670538633141593e+00
    -7.6694711707420526e-01 9.4074203221696306e-01
    1.5967710688865140e+00 2.5597352589825662e-01
    -4.9871501438905674e-01 7.1183264505757897e+00
    -6.9675539634104444e-01 7.5602579323966224e-01
    1.6737153784284122e+00 6.1746190617894248e-01
    -4.1066183392084094e-01 2.7778974818025790e+00
    -4.8929437264200959e-01 6.9823268728545418e-01
    5.8822618708785879e-01 -1.5483669876139564e-01
    -6.0140126862104537e-01 3.2234023898198902e+00
    -7.7978057444916249e-01 7.3756557159501990e-01
    1.5953569081947676e+00 -6.1195275203703392e-01
    -1.3462398570539165e+00 6.6646507929785672e+00
    -7.8217628251871896e-01 8.4144584641371911e-01
    1.6739469623815764e+00 -4.8403281288588468e-01
    -1.1764580219149752e+00 5.8326261713405412e+00
    -4.7019184784490015e-01 9.2200535162604813e-01
    2.8777100276821499e+00 1.3512373722250477e+00 3.7449997955428538e-01
    4.4041202007753943e+00 -6.8623080746110965e-01
    6.7267117449009928e-01 2.6779980769750851e+00
    -2.0497470889032168e-02 -4.7691517623818896e-01
    4.3624768904165503e+00 -5.8472550072770579e-01
    7.8456517310549878e-01 2.7979373924379800e+00 2.6580957360915752e-01
    1.6794942868052296e-01 3.8527478506599842e+00
    -9.9575310021481822e-01 -1.1033035953465826e-01
    1.5718936804245753e+00 7.5318081199360876e-01
    -6.4104550834343443e-01 4.3025495096263517e+00
    -9.1990305947160333e-01 8.9525818267150259e-01
    1.5570451891579353e+00 -5.2578124344269284e-01
    3.3981312025924269e-02 7.0057192961643215e+00
    -5.4841938172797067e-01 -1.5852293635325429e-01
    2.0598086765358805e+00 7.9967965403699859e-01
    -2.7610637998877874e-01 4.3273206503707966e+00
    1.4020425538707000e+00 2.5509775458188039e-01
    -2.1214775253603886e+00 -4.1289448824119396e-01
    3.5015969539030611e-01 6.5635111907442516e+00
    -4.1442882544177034e-01 1.1886087576640636e+00
    2.4303798884704220e+00 6.4527625857092541e-01 1.7597120433829228e-01
    3.9944362508548075e+00 -5.6035936503667372e-01
    1.0285415619515137e+00 1.4150652835061812e+00 5.4601215738809716e-01
    -6.7825828669200572e-01 6.9268618424332331e+00
    4.1161115381215363e-01 -6.7257316654135713e-01
    -3.0358732996894044e+00 1.1870498696225253e+00
    -1.6112898099281667e-01 3.7810733378647332e+00
    -5.9741234880966665e-01 1.0257847745764697e+00
    1.9699123499769613e+00 1.7764626471661313e+00
    -9.5613806865264361e-01 5.6402669040026883e+00
    -2.6112780697052146e-01 1.1054112534003802e+00
    2.5365418749472211e+00 1.2224661352395256e+00
    -4.5772509163259034e-01 3.9796786837965277e+00
    -3.2521975468043252e-01 8.3790384544046315e-01
    1.3878657421403817e+00 3.8056758147491720e-01
    -1.1204495517723303e+00 6.5702460896734305e+00
    -5.1665503996448559e-01 6.5268897559560879e-01
    2.9639116018431557e+00 8.0103775240015429e-01
    -1.2588255888667299e-01 3.6352586571504402e+00
    -1.2726482009881841e+00 5.6195081755878540e-01
    2.3086648076852567e+00 6.6916652940066168e-01
    -2.9320944404856553e-01 6.9475007337227321e+00
    -7.6744298044388981e-01 1.5446240762542849e+00
    2.6341517723304642e+00 4.9160925952360790e-01 7.5449157827581104e-01
    5.1794873513442869e+00 -4.5757793364225607e-01
    1.1609080499509703e+00 2.3261373595580013e+00 1.8919008909352533e-01
    1.4097960090236725e-01 4.0679051842319547e+00 4.3511740449733849e-01
    1.1778837230159973e+00 1.4143940701428319e+00 1.9988286957113030e-01
    -7.4738995955276777e-01 5.2071011064332211e+00
    -7.3292325709325534e-01 8.5401483053855931e-01
    2.6778641205420008e+00 1.3598945225553915e-02 1.9326377058923330e-01
    4.7526260330484105e+00 1.0000475722353213e+00
    -1.3313696206877148e+00 -2.4785805484502763e+00
    -1.1517728770993256e-01 5.5763705197974944e-01
    5.5087818282441159e+00 -8.1586621603229448e-01
    1.1486473158874024e+00 1.6716008091012224e+00 1.3873604110429478e+00
    7.9017310889828718e-01 6.9717737440557981e+00 5.7564359430898837e-01
    -9.6685697237159507e-01 -2.9195525274389000e+00
    6.8288035635621036e-01 8.3645355034720725e-01 3.6408394881154225e+00
    -4.0158340145432792e-01 1.3297460846343825e+00
    2.5127839225717157e+00 1.0562876149038394e+00 5.8364273802140998e-01
    3.9095176891601913e+00 -3.6499130303463811e-01
    1.0292526882969015e+00 2.5585560696412273e+00 8.0647210498617916e-01
    -1.3120817363907713e-02 3.5549966500101196e+00
    -6.8936000513674989e-01 -3.4151401406878840e-01
    1.8722906821590661e+00 5.0087870440233162e-01
    -3.9625091238102056e-01 5.4081236844123017e+00
    -1.7217752488094326e-01 1.6785159796626614e+00
    2.3438452454626870e+00 7.0922143611109423e-01 6.5251560808074016e-01
    6.4457159696259536e+00 4.6699622684943787e-01
    -6.6672406415432794e-01 -2.8155189331855888e+00
    1.2250071154589584e+00 4.6506651143109096e-01 3.5999978688217702e+00
    -6.5651804429360283e-01 1.0859403025967038e+00
    1.8012343239794839e+00 2.2071555753955594e+00
    -1.4335023088183474e-01 6.8674248751034588e+00
    -3.8563239703818641e-01 1.0473635737923721e+00
    2.3661712667562340e+00 1.9599822186487328e-01
